Small: {445: 0.14564308018617805, 23: 0.10140288170100224, 80: 0.0822024522607802, 8080: 0.0732077744391419, 17140: 0.055094038243746604, 17132: 0.05477326734617726, 17130: 0.05423646706861224, 17128: 0.053863325412256066, 17138: 0.05345745203165812, 17136: 0.05276353947773261, 81: 0.034734905765365906, 17134: 0.031978894584208904, 17142: 0.03184796768724183, 5555: 0.021026859652912795, 3389: 0.01597308142998357, 22: 0.00655943753805063, 88: 0.005623310224736018, 443: 0.0055971248453426025, 9000: 0.005570939465949188, 84: 0.004883573256872026, 8000: 0.004863934222326964, 83: 0.004785378084146716, 2323: 0.004752646359904947, 'Other': 99.09515766871567}
Large: {8080: 0.017682131353773924, 23: 0.014018878694563506, 17138: 0.012574622244529099, 17140: 0.01256251693579251, 17130: 0.012529925719963237, 17136: 0.012528994542368116, 17132: 0.012517820411226649, 17128: 0.012479642129826643, 80: 0.011220690021221537, 17134: 0.010805384813797073, 17142: 0.010665708174528754, 445: 0.0087437576181967, 81: 0.00794015135360631, 2323: 0.00751367201504038, 5555: 0.004172606803742217, 88: 0.003807585186454346, 33960: 0.003708880361371401, 34228: 0.0037051556509909126, 33970: 0.0036790826783274933, 33962: 0.0036725644351616386, 34216: 0.0036669773695909057, 34226: 0.0036613903040201732, 33972: 0.0036613903040201732, 'Other': 99.80248047087788}
